41111111Ὁ10111111111111

“sl''

PAFROLOGIAE

.„„.. 000808001010108,

SEU 0101101110οΑ 001100810810100111, 0011001118, 0011110οΑ. osscoNoch.

0111111 11. 11111111, 1101111111 1011111110θο 100111111101101.

8110 umorum, 8110 00000001.

001 AB mo 10081011001010111011 1000000111 111 (Anu. 18161 000 111111 18
111 Ao 00001111 0100001101 1011101111 11011. 11181 PRO mets 0100000001.Ι

0000810 0000000001οΑ

01101011 0010 01811101101100011001011011 0110011010101011100180011001000011111110118
11111111 8100011 ΕΤ AMPLIUS,

11111111111111111111111111111,111111111111111111111111111111111111111111111111111,11111111111111-
,mmm- 1111111111111111,11111111111111111111111111111111111111111111111111111111;1111111111
11111111111111111111111111 1111111111111111111111111111 1111111 11111111 1111111111, 11111111
11111· 1111111111 1111111111 11111111 1111111111, 1111111111 1111 1111111111 1111111111111111
11111111111111111111111111111,111111111111111111111111111111111111111111111111111111
1111111111 1111111111 1111111111 1111111111 1111111111111111111111111111111111 1111111·
11111111,11111111;11111111111111111111111 11111111111,11.1111 11111111111111111
11111111 1111111111 111111111111111 11111111111,11111111111;

11111111 11 1111111111111111111111111111111111.11111111,11111111”111,1111111111111,111111111,
1111111111111111111ο,1111111111,111..1108111001000811111111111111111111111111τ1
11111,111111111111111111111,11111ο1111111,111111111111111111111111111111111111
11111111,11111111111;111111111111111111111111111111111111111111111111, 1111111
1111111111011011,1111111111 11111111 111 1111111111 111111111111, 111111 111111
1111111111 111111,11111111111111111111,11111111,111111111 1111111111, uno
1111111 1111111111, 11 1111 111111·11111511111,11111 1111111111·

1111111 111 111111111111111111 11 111 1111111111111 suom 11111
111111111111111111111111111 1111111111 111111. 1 111111 11111111
1111111111111111111 1111111111, 1111111111 11111
11111111111111111111,1111111111111111111 11111111111111111,11 111111111111 11111111111 1111111111,
11111111 11111111, 1111111111111111, 111111111111111111111,11111111111111111 111 11111111
1111 11111111, rom 1111111111 1111111 11111111 1111111 1111111111111111 11111111111111111
1111111, 1111111 111111111,1111111111111111 1111111111 111, 1111111111 111111111111111.

- 11111111111111111111111 11111111111111 11111111 1111111111111111111.11111111
1111111111, 11111111 111111 11111111 11111111111,1111111111 11 111. 11 oum
111111,11111111111111111111111111111111111.111111111111,
1111111111111111111111111111111 1111111111 11111111111111 11111111111111111 mmmm·

800108 1111101,

11 01111011111111111 11111111 11111101111111111111111011131
· 1111011111 1111101111111111.

1111111111.- -.1» 11111,

0111111011111111 universae,
1111 11111111 commonuit 11 11111111111111111111111111111111111 1111111.

ᾖ

11111111.0111.1111111110111111111111,111011111111111111101,111111 00110 mmm. 811111 cuano-mum.
111110 010108 0000 111 1010000 mum 80011 081101, 00000118 01 vicum 00000810000101008 1000 8118
81108, 0000001000100 80101110100810018001111 :ems 0010101 00111000 ’11018 mum 080. 00100
nucu! ’1001011 0111001 10081000011108 08100101 1010111001,1011101111111101 100001011001100118
80010 men, 0110 01001111. 108100100 101011 0008100010111011 1101·οΙ numu, 1000000 10101 0010000 n
001000101011 10000101 1101100100. 8000001 sums Gnaeo-mm 8001111011 vomam munuum
1100 8010011111 3 0οΙ 110108 100810 10110 111111111011110111111105 11180010100100010000000 votum
culco-mmo! 0010, 0000000110οΕ 11000 01110011 0010000 11110οΙ8 801011110110011110οΣ 010001000 1000.
UT 100111 00108 1100011010 8001100001100, 0001001ΊοοΗ 10100011, 8110 mim. 8110 000011 co!-
110οΤ 0000880 camstellum 001080001011001018111001100100000000001· mmmmm 11011110οτ0
kunnum. 8111000, 81 0018111111 10100110 00 8000810 cottanorum GMw-mmm, 101. mm 00
00000 mm 100810,1010000011010001100 000 001011 vu 100 801 1010018 801.οΙ omnum. 1810 cofl- ⁸
0111000810100180810010010 80010808 10011010100, 81 ’101108 018 'mus 010080010111100018 00081.

u*-

1111010111 1111010 T 011118 01.

B. 111111Νο8 1110008.

¹¹¹*

EXCUDEBATUR 01110011 11001 -.1) 111000, 0011011081,
ΙΝ 111 01011 0· 10110188, omn 11110011 0001111 10111110 0110810000 101100 mm
0001011111, 800 1011100011101100, 0000 10110 10101 010011 01018101.

18111

 

